<?xml version="1.0"?>
<opencv_storage>
<R type_id="opencv-matrix">
  <rows>3</rows>
  <cols>3</cols>
  <dt>d</dt>
  <data>
    9.9920789790402365e-001 -3.3582769628634081e-002
    2.1348872342406129e-002 3.3616070577111891e-002
    9.9943409642484748e-001 -1.2027894260511272e-003
    -2.1296397939015256e-002 1.9195018934297747e-003
    9.9977136333629013e-001</data></R>
<T type_id="opencv-matrix">
  <rows>3</rows>
  <cols>1</cols>
  <dt>d</dt>
  <data>
    -6.4236587446339954e+001 -1.8346481553427130e+000
    -6.1171820380472033e+000</data></T>
<R1 type_id="opencv-matrix">
  <rows>3</rows>
  <cols>3</cols>
  <dt>d</dt>
  <data>
    9.9324329417845669e-001 -4.8315234996236314e-003
    1.1595005368778562e-001 5.0323344583857160e-003
    9.9998630206504890e-001 -1.4391984463854454e-003
    -1.1594151189037828e-001 2.0129736564890978e-003
    9.9325400263861585e-001</data></R1>
<R2 type_id="opencv-matrix">
  <rows>3</rows>
  <cols>3</cols>
  <dt>d</dt>
  <data>
    9.9509420291824235e-001 2.8420683855617804e-002
    9.4761764692765496e-002 -2.8584686542233097e-002
    9.9959130460460066e-001 3.7343561017541581e-004
    -9.4712422700458432e-002 -3.0803389507803622e-003
    9.9549990883884965e-001</data></R2>
<P1 type_id="opencv-matrix">
  <rows>3</rows>
  <cols>4</cols>
  <dt>d</dt>
  <data>
    5.2134847501306467e+002 0. 2.4047873306274414e+002 0. 0.
    5.2134847501306467e+002 2.3596193313598633e+002 0. 0. 0. 1. 0.</data></P1>
<P2 type_id="opencv-matrix">
  <rows>3</rows>
  <cols>4</cols>
  <dt>d</dt>
  <data>
    5.2134847501306467e+002 0. 2.4047873306274414e+002
    -3.3654750280908076e+004 0. 5.2134847501306467e+002
    2.3596193313598633e+002 0. 0. 0. 1. 0.</data></P2>
<Q type_id="opencv-matrix">
  <rows>4</rows>
  <cols>4</cols>
  <dt>d</dt>
  <data>
    1. 0. 0. -2.4047873306274414e+002 0. 1. 0. -2.3596193313598633e+002
    0. 0. 0. 5.2134847501306467e+002 0. 0. 1.5491081367756255e-002 0.</data></Q>
</opencv_storage>
