<?xml version="1.0"?>
<opencv_storage>
<M1 type_id="opencv-matrix">
  <rows>3</rows>
  <cols>3</cols>
  <dt>d</dt>
  <data>
    5.8930439743930231e+002 0. 3.2683809249000836e+002 0.
    5.8723686793139336e+002 2.3558326281770789e+002 0. 0. 1.</data></M1>
<D1 type_id="opencv-matrix">
  <rows>1</rows>
  <cols>14</cols>
  <dt>d</dt>
  <data>
    1.0452849022468998e-001 -2.8639455969193073e-001 0. 0. 0. 0. 0.
    1.9250225209570684e-001 0. 0. 0. 0. 0. 0.</data></D1>
<M2 type_id="opencv-matrix">
  <rows>3</rows>
  <cols>3</cols>
  <dt>d</dt>
  <data>
    5.8930439743930231e+002 0. 3.1464094685948055e+002 0.
    5.8723686793139336e+002 2.3624895954113401e+002 0. 0. 1.</data></M2>
<D2 type_id="opencv-matrix">
  <rows>1</rows>
  <cols>14</cols>
  <dt>d</dt>
  <data>
    1.1462367565836429e-001 -5.6265216688566677e-001 0. 0. 0. 0. 0.
    -7.4733949676670353e-001 0. 0. 0. 0. 0. 0.</data></D2>
</opencv_storage>
